-0.171387291682056
-0.21223082886017
0.132471071752996
-0.132750836271615
-0.527017521780961
-0.546197982626169
-0.106766126359452
0.202848510934979
0.157192474903926
-0.0247396634906156
0.310300637556992
-0.314232252538685
-0.612973375670915
-0.286535368890952
0.234030077011141
-0.414942506105978
-0.0797794565366341
0.18267772976022
-0.378795322422902
-0.232313745019192
0.323679143102312
-0.371755187387038
0.181370621709617
-0.199081654568205
0.0915241699387241
-0.277939529758616
0.261853302354932
0.0861292592308391
-0.476779031003639
0.508246308117184
0.514930210947805
0.464240593080159
0.318236778686328
0.0275247816219728
-0.200511507605145
0.232544682531765
0.214283283051858
-0.301002145665827
-0.0365457227917453
0.945584764517743
0.120405667341536
-0.432288361482048
0.631165161734972
-0.183206940584432
0.721044683634295
0.194797164516789
-0.353003598756595
0.357527537941556
-0.140422950682854
0.119686042081107
-0.421358805307556
-0.438877902406181
0.167477691398902
-0.187778442704031
0.0659981318422538
-0.0606629501464022
-0.35298204496545
-0.390648674800502
-0.0236767541978229
0.228856302932291
-0.356407074390142
-0.261816027576156
-0.0299153158849601
-0.554922254090427
-0.130839557555816
-0.00800401092106161
0.212547233614494
0.1681860129246
0.44203299150248
-0.284033517340944
-0.587302724311445
-0.195875290754415
0.00833373313134236
0.690550334213701
-0.130077994547147
-0.281178292942718
0.334429597116632
0.549307944668002
0.908319441899208
0.362159867561718
-0.105938800308381
0.260625130539308
-0.165844485173215
0.373476436376243
-0.192780286497392
0.103398564542588
-0.274371952744062
-0.637873870907512
0.0830982544974676
-0.367037681380375
-0.49055208368873
1.12886382597248
0.246519562846007
0.374055836276041
0.523568320297312
-0.18945468827016
-0.170229046655855
-0.292950600035745
-0.103703986414561
-0.143721348590955
-0.605856325285792
-0.199088568337543
-0.599942296772495
0.211365632427672
-0.227708883761083
0.229969626326422
-0.26351586443912
0.959638392959962
0.0169059543320033
-0.266316323441049
0.86152935983496
0.0548547386799607
-0.0204455066502578
-0.473059723610525
-0.210065684694184
0.0151532598289877
0.197193745268509
-0.190093071087496
-0.128638664738198
-0.576215223402801
